060310
178320
183300
246720
262830
217480
002800
083500
087260
257730
241820
140070
206650
256840
195440
241520
246690
147760
204990
196300
203450
215600
254120
241790
220100
144960
156100
176440
220180
232330
237880
900300
238120
252500
216050
239610
241710
900290
900280
189300
072990
950140
238090
050960
201490
250930
241690
250060
242040
234920
900270
230360
038160
208860
073560
123010
174880
071460
142760
237750
900260
144510
237690
148250
240540
239340
243070
240810
228850
225330
228340
222110
211270
235010
230980
232270
115180
065660
236200
226350
142210
900250
221610
109610
224060
232140
191410
223310
145020
222980
206560
013310
217730
047920
230490
133750
225530
140860
222040
122640
230240
058110
217820
213090
221840
197210
180400
127160
221980
227950
212560
214370
185490
190510
056090
226340
192080
115960
226850
182400
092870
226360
225440
214870
225430
226440
225590
225570
217190
219130
175140
221200
225650
222080
220630
223040
224110
196700
221950
131760
222810
222800
189980
222420
094360
222390
127710
214430
067730
220260
214450
087010
219550
219860
219960
218710
219580
094170
214180
218410
178780
160600
217600
166480
214310
177350
217270
218150
160980
217500
217810
087600
217620
187420
215750
215580
215380
215480
215790
215360
215200
215090
215100
214680
195990
215000
214150
207930
214270
189690
213420
206660
060480
206640
208640
193250
204630
200470
200670
208710
189860
067390
080580
208350
208870
160550
124500
142280
187220
208370
207720
208140
149980
084650
200710
200780
207760
196170
206400
178920
140520
173940
205470
204650
200230
194510
204840
196490
204620
205500
204760
205100
191420
192440
182690
143540
204440
203650
041920
194480
203690
192410
198440
187270
177830
090410
004650
192390
059120
200130
105550
194610
196450
071850
187790
192250
138080
108790
053300
154040
090850
184230
049080
150840
085810
170030
067570
134580
182360
171120
171010
161570
138360
076610
168330
131970
150900
170920
119850
092040
130500
170790
151860
089600
950130
141080
158310
097800
104540
159580
155960
114810
153490
099190
141020
159910
950110
046970
113810
141070
155650
149950
121850
149940
151910
097520
153460
106520
137400
141000
072950
143240
126870
147830
091590
140410
104830
127120
130580
131090
100660
115480
123260
139670
121800
112240
138070
123570
122870
136510
089530
089030
101240
007820
115530
123100
043290
090360
131220
131390
143160
134780
137950
040910
123330
139050
089980
138610
109080
108380
019770
137940
131100
900180
138690
122450
121440
136540
136480
134060
104480
008470
121600
093320
130740
131180
061970
126880
033560
048530
119860
099830
131370
064290
131290
131400
120240
128660
131030
096690
033830
033170
122800
041460
105740
126600
123420
111870
123860
058400
069140
119830
101930
078650
068940
130960
123840
117670
119500
068240
096530
122990
126700
126640
123410
123040
067920
119610
106190
900130
114120
121890
123750
089850
111820
046120
070300
108320
079970
071200
100030
122690
900110
900100
115500
900120
115450
122350
115610
115310
106080
900090
101330
114570
115570
115440
050860
114630
080530
900070
099520
114450
104460
096640
112040
108860
900080
088290
114190
115160
109960
099410
101000
109820
082920
087220
042520
104200
052860
105330
109740
095700
108230
100130
103230
063080
109860
102120
101730
900040
102710
099440
102210
099220
101680
010240
099660
101170
081150
095300
098660
071670
101490
100120
102940
101400
106240
086890
104040
078070
086900
058630
059100
067630
092130
090730
100700
098120
083470
100090
101390
076080
101670
094840
063170
047560
096240
101160
099320
064480
098460
067000
018620
095610
053280
096870
059210
097870
087730
091440
096040
097780
096630
068330
093920
067010
096350
069920
096610
092070
094820
086670
094190
095190
092300
093640
095910
081580
073110
094970
080520
095340
085910
095500
027580
086040
090740
057540
094940
095270
093190
081970
091340
072770
094480
086520
065150
078340
095660
092600
069410
093380
086450
064820
091580
092460
073540
091120
094850
094860
078020
093520
048260
091970
092730
090460
039200
089010
090470
088130
086830
084110
089150
091700
090710
086390
060540
066310
067280
086250
089890
080470
089140
089790
090150
088390
089230
043150
086960
038060
083660
062860
063570
086980
068050
085370
039290
078860
088910
054950
084730
086060
022220
088800
068760
083450
019990
079370
046110
085670
084370
083790
084990
064550
083640
085660
078140
067900
083550
084180
050540
080420
083650
079190
045890
082800
043910
079000
041020
078590
038070
079940
077360
083930
067310
082660
083310
080010
058220
078160
082850
080160
068270
078890
050890
082210
082270
075130
080440
073490
079950
079960
080220
079170
079810
080000
052220
079650
052900
066910
049950
052460
072870
073010
046440
078600
054450
078150
067990
051360
072520
078130
068790
078940
048870
065350
039340
064260
011080
050090
029960
057030
065770
074430
077280
066700
066900
078350
075970
069540
073190
054090
041910
073070
039670
067770
070590
073640
073570
065680
057880
060570
067160
066410
074600
071280
041440
069510
067170
054780
072020
065510
072470
068930
069110
069330
064760
052710
065950
047310
056000
041520
065560
064240
066790
069080
067080
066590
067290
066130
046140
065450
065130
065440
049630
021650
051370
065650
065570
066980
016100
065940
042040
066970
066670
066430
047820
064090
049960
053290
064520
035600
065170
034230
041590
042600
065500
060900
066620
065420
052770
064800
039980
048410
065160
058610
045340
065690
065710
066110
043710
060560
036010
060280
065620
060230
057680
046940
060150
065530
063440
051160
065060
049180
060720
061040
050760
054210
050120
054410
060310
061250
061460
053980
054050
039420
039440
049550
054670
060590
049070
058370
060370
051380
053660
053270
034950
060260
060380
046310
058530
049720
052670
046890
013990
058450
059090
050320
054930
035200
054040
048470
060300
042500
054340
058420
040350
054300
047080
060250
053260
060240
056730
057500
041930
054220
014940
043590
058470
045300
056190
056700
054940
043370
054620
056360
043260
038340
047440
051390
054540
053350
054630
056080
044490
053950
053700
003670
054920
041960
053160
051170
052400
054180
049470
053050
043090
053110
054800
047770
053800
040300
058820
035900
053590
021320
053060
053610
052790
053450
053030
052420
053620
052300
043580
049520
051980
048910
051500
049120
043360
052330
052600
052020
043220
033790
051780
052190
051490
052270
052290
038870
045660
052260
045390
050110
036540
038500
048550
049830
044060
024850
048770
049430
016170
046390
014620
044480
048430
017480
049480
036670
042510
039830
036190
046070
041830
014570
045520
022100
033600
044180
044960
032080
010470
044340
042940
048830
000250
044780
045510
045100
040160
043340
043650
037950
039030
018680
038540
039860
046210
045060
043100
026180
042370
045970
040420
007370
041140
039790
043610
036890
039010
009300
043200
042110
039740
039840
042420
039560
038460
032820
039230
001540
039310
041190
038530
036640
031330
030190
038620
039020
038950
036800
040610
038880
038680
041510
010280
037760
036480
038110
036420
032500
039610
039240
038290
037440
038390
028150
036830
036810
036690
037370
036620
037350
038010
001810
036630
036710
037070
036560
016250
036030
035890
036930
032190
005290
003100
036170
036180
026040
037230
037460
037400
036490
033640
036500
037330
036090
036200
024800
036260
027050
036120
035290
027040
027830
036000
035760
035810
035460
035480
035720
035620
035610
020710
012790
034940
033230
035080
005160
005990
034810
031390
033430
025770
033540
033500
030350
033310
033160
033320
009520
013810
033340
033200
033290
015710
033110
033100
033050
033130
032980
019210
026150
024660
031310
032960
032680
032940
008290
032750
032860
032850
032790
032800
032620
032580
032540
028080
032280
012340
031510
032040
030270
031860
031980
011560
024740
030960
026260
030530
030520
021880
021040
029480
028040
028300
027710
023600
018310
003800
014190
012700
018000
025980
026910
017250
015750
020180
006730
025950
025900
025870
025880
002680
025550
025440
025320
024940
024950
014100
024840
024910
004780
013120
024830
024810
024880
024120
017000
024060
023910
023890
001840
023900
017650
010170
023790
023770
023760
005860
012860
023460
006050
023430
023410
023440
006910
018290
023160
007530
001000
012620
011370
018700
014470
007720
006580
011320
018120
013720
009620
005670
007330
006140
019010
009780
017680
008800
020400
014200
005710
016600
004590
016670
000440
014970
011040
008370
007390
002290
019540
007770
017890
003310
019660
017510
021080
008830
002230
009730
016920
013030
019550
019590
019570
006920
145720
111110
143210
241560
207940
234080
241590
229640
204210
249420
248170
016740
026960
123890
034830
195870
070960
101530
004440
194370
152330
226320
075580
214330
089590
227840
079550
002690
039570
095570
214320
214420
085620
214390
210980
138250
145210
213500
210540
028260
112610
000030
018260
204320
200880
192400
133820
192530
027410
192820
185750
006880
183190
064350
180640
181710
175330
172580
155660
168490
170900
013870
037560
163560
161890
161390
161000
159650
068400
155900
014710
153360
144620
152550
079980
145270
007070
129260
145990
039130
110570
140890
078520
023000
140910
031430
047810
071840
069640
138490
139480
139130
053210
019440
138040
023350
138930
020150
011210
136490
134380
134790
082740
117580
126560
058860
130660
900140
030790
081660
058850
057050
002150
128820
122900
128940
105840
033920
103130
102460
123690
123700
060980
032830
031440
088350
120030
120110
119650
071320
115390
012160
118000
052690
114090
034730
032560
000080
082640
047400
093240
039490
111770
033660
053690
028100
900050
071970
108670
105630
109070
107590
035420
026940
105560
104700
103590
103140
011070
017180
100220
102260
102280
032640
101140
020560
101060
100840
100250
099340
099350
085310
051600
093230
092440
044450
094280
033270
092200
097950
028670
097230
096760
096770
029780
096300
001780
095720
094800
090370
093370
093050
044380
044820
034590
009770
092220
092230
089470
091090
090970
090980
090990
091000
090350
090430
032350
090080
049800
035510
088790
088980
023530
086280
084870
086790
001560
079430
084010
075180
083420
083350
083360
083370
083380
083390
083570
083580
083590
083600
084690
083620
071950
084680
084670
042700
083610
004890
010960
073240
079160
081000
014830
041650
079660
023810
078930
077500
058730
034220
078000
077970
034310
019680
024110
074610
025750
007660
035250
037270
072710
071050
072130
034120
036570
071090
069730
006890
011500
069960
069460
069620
027740
036530
069260
033530
058430
068290
067830
030610
009240
034300
017370
066570
024720
064960
037710
020760
033180
063160
055550
021240
058650
051900
051910
047040
047050
042660
042670
051630
049770
034020
010040
016450
016710
003220
036460
007120
000850
036580
033780
009540
024090
006840
006650
035150
035000
033250
033240
030200
019490
030000
026890
029460
024890
017940
018670
023590
014440
011790
010600
025890
024900
015350
023960
023800
012320
025530
031820
000660
023150
005320
023450
028050
029530
015360
016800
024070
030720
025560
021960
030210
017900
025540
012630
003160
011930
019180
018880
020120
021820
027970
006740
000910
020000
017800
016580
013580
011160
021050
012750
015890
027390
016590
011690
025860
018500
011300
012610
017810
011200
017390
025820
007460
011090
025620
017960
005980
025000
010580
007980
009440
008420
016880
007310
008500
014790
010120
009190
000760
014820
010140
009680
010690
000390
009450
012030
005090
005750
005880
008560
005870
017550
011170
001430
008770
014580
013520
004080
006060
014530
002140
016090
001620
017040
011390
011810
010130
012600
004720
001500
009200
008870
008110
005820
008490
014910
003580
015860
014160
012280
019170
002210
012170
009420
011330
012800
001140
013360
013700
002760
007610
004920
009290
011420
004270
001940
009410
007280
009180
002170
017670
010640
003650
004380
002840
007860
013000
012330
015540
001390
009320
001450
005440
015760
007690
006280
009160
008600
015230
007160
014130
008040
009140
009580
014990
010420
013570
003610
015590
014680
010820
006040
008060
003680
015020
011280
002310
010660
011150
001770
018470
005850
009970
012510
003850
007630
008250
012690
006370
006980
002920
002220
002450
002460
007340
001290
000890
004740
003010
014280
009810
008730
009270
004140
002960
003000
005810
001270
012200
004710
005190
016610
008930
005500
005490
002410
005690
001230
006340
005950
016360
002810
001750
011780
003470
002620
015260
009460
005720
006660
004490
011000
009310
010100
005070
004830
001720
001200
003460
004130
011700
005420
000500
010950
012450
011230
004020
004770
004560
006090
003530
009470
001510
010770
007110
016380
010780
002360
003830
007810
004170
010060
000520
006490
003120
000720
002710
003060
007700
008700
010620
006360
006110
006200
006400
009150
004200
005960
009070
003070
005180
005250
005450
000480
004310
003920
008350
003350
001880
011760
006260
001740
002100
008000
004870
007590
004430
002780
004090
000650
000430
001080
004700
004360
008970
002880
001260
005620
005680
005800
002630
001550
005430
004910
004690
003080
002600
001570
003960
002070
003570
004960
002550
004370
003720
004980
004970
002870
001630
005740
002390
001380
006120
007540
003280
001250
002990
001470
001820
001020
001520
000880
001060
000670
001340
000180
005110
004450
000040
002240
004100
002820
004840
002350
004060
004000
000020
000210
001120
002720
003240
005030
006390
000590
005390
000990
006570
000220
000860
003540
005940
006800
002700
001360
000810
003230
000370
008260
000230
000490
001800
004540
001420
002020
005930
000300
001460
003620
003410
005610
000540
010050
007570
002320
002200
005380
005360
009830
002030
006380
004990
001070
004410
003560
000680
001210
002250
000140
000320
000270
004800
001040
000150
005010
005830
003090
002900
003780
003520
002380
005300
003200
002270
002790
006220
004150
007210
002300
000400
001130
001680
003550
000640
003690
000970
003300
004250
002000
003030
001440
001790
000070
002420
000240
000950
003490
001530
000100
000120
000060
000050
000700
003480
046290
056880
036840
215620
000547
000545
152100
253150
253160
189400
141240
122090
222170
251590
161510
251600
190160
213630
190150
161490
195970
236460
222190
222200
222180
244820
238670
195980
239660
161500
204420
227830
001465
011155
001045
097955
078935
066400
134610
007640
104770
001067
001065
148020
252400
252410
252420
105780
234310
241390
114100
196230
123760
252730
252720
219390
140570
140580
136340
196220
183710
174360
250730
183700
253280
253290
143500
105190
225130
232590
114460
190620
152500
181480
211260
143460
245710
131890
108450
145670
238720
196030
205720
168580
219900
227930
251890
234790
226380
152380
069500
237350
226980
223190
252650
252670
099140
204450
101280
229720
156080
251350
200050
219480
247780
117700
132030
138910
114260
102960
153130
214980
122630
244620
200020
200040
185680
200030
218420
244580
091160
211900
237370
244670
140700
102780
213610
247790
136280
117460
140710
144600
091170
114800
176950
091180
169950
102970
117680
229200
233740
251340
226490
138920
244660
247800
153270
148070
167860
069660
152280
253250
253240
253230
100910
104530
114470
130730
138230
139660
225800
230480
104520
200250
122260
168300
068870
068875
051905
003555
066575
108675
051915
190410
104230
005945
004255
010955
001970
003340
001745
03473K
096775
001515
066270
006125
043880
208470
220130
102110
139260
139220
139290
139270
227550
227560
139250
139230
139240
227540
243880
252000
252710
243890
091210
228820
138530
225040
143850
225030
182480
217790
139280
237440
160580
114820
248270
139310
139320
133690
203780
137610
182490
253990
105010
123320
174350
147970
245340
228810
098560
091230
211560
170350
138520
152180
157490
228800
227570
130680
217770
157450
195930
225050
245350
091220
225060
236350
123310
195920
241180
248260
157510
150460
157500
117690
192090
204480
217780
245360
166400
232080
233160
250780
210780
143860
138540
228790
157520
108590
097750
145850
114750
012205
123900
201150
000980
014285
072930
002995
011785
004545
237010
008355
003925
079180
170120
005725
002355
047730
043990
090355
000327
000325
005255
005257
015150
019685
004135
000215
026970
001689
001685
084695
003547
003545
140320
006345
008340
041500
001799
001795
003495
021045
072700
004835
005965
101910
016385
000995
012760
001527
001529
005900
001525
014825
026710
184560
000157
000155
013900
035430
043500
046400
005305
137930
050480
159800
211210
078060
115400
227680
051810
130480
065310
080640
006805
037620
002480
015370
030950
001275
066870
168570
002580
070080
011870
161990
006405
018360
02826K
009155
005935
010145
000815
145995
000075
066190
003260
004415
014915
004987
004989
004985
015200
042380
004365
179690
032685
104120
104110
012580
002470
001725
009275
019175
042000
003419
003415
096150
073710
073960
002795
090435
105810
048500
102955
102950
043720
129050
010090
114290
036150
039110
037890
052510
102420
104690
183560
068420
008120
206300
074000
001890
038520
110030
068560
168950
215640
053580
063180
003475
000225
000227
000105
003465
040850
013090
043540
013367
007575
001590
046840
140310
044590
033480
189390
013890
037640
166220
033030
002787
002785
001490
087800
115410
040100
068150
031690
040470
020920
007815
00781K
06276K
062760
003075
002025
120115
040480
038710
123440
005745
004105
009415
061610
140950
152870
192720
176710
226810
037030
040870
025100
010150
045020
093860
001310
060910
049130
139200
030010
000087
000145
071055
123130
054190
002005
012350
100380
007190
007197
008690
001755
006440
18064K
117930
00088K
000885
009835
003535
065180
000725
040830
004565
075120
115580
003450
005387
005389
005385
011720
008775
012670