060310
079940
078890
000500
192410
024840
000860
217730
035250
011420
094480
063080
039240
053950
002100
012320
009450
011040
000050
214390
139050
012610
009140
024910
013580
012200
012205
004200
089890
002140
049720
010130
002240
014570
009810
098460
206660
219580
227950
001290
123900
900280
215000
121440
009290
014200
017040
017900
037710
192530
026910
090150
140910
223040
242040
030610
201150
053270
007690
005320
001140
066620
043650
006050
060480
078130
002720
019010
000980
014530
900070
019660
014280
014285
053260
008870
072930
058370
001570
002990
002995
011780
011785
214330
130500
001210
073240
036190
049080
035460
092440
000270
024110
013700
004540
004545
237010
187790
151910
121600
039860
091970
051490
007460
190510
089600
138610
130580
036800
001260
008350
008355
004270
003920
003925
002070
025860
091590
079180
168330
072770
212560
095660
042420
085910
092730
101400
170120
153460
007390
033640
087730
005720
005725
002350
002355
073070
110570
089140
065170
139670
051980
137940
092600
041140
047730
043990
090350
090355
000320
000327
000325
006280
144510
031390
142280
005250
005255
005257
004370
072710
054050
040160
069140
126870
060260
012340
222040
900100
085670
053290
222810
119860
064260
093640
015150
039560
023590
032190
020120
068240
015590
019680
019685
006370
004130
004135
008060
000490
020400
008830
048470
008110
004780
005750
000210
000215
004440
017650
006570
007720
026970
078140
001680
001689
001685
084690
084695
036480
128820
117580
025440
027830
104040
005620
016710
217270
232140
020180
003540
003547
003545
045390
009190
108380
006580
014160
215480
047040
009320
140320
204440
215580
042660
003090
069620
000430
048910
005710
006340
006345
003220
024890
002880
071460
000300
120240
003310
078600
008340
065690
012800
015230
096350
140520
131220
010170
054670
041500
001070
023910
006650
001440
084010
001790
001799
001795
001130
003490
003495
005880
003830
016090
069460
021040
021045
067080
192080
072700
012510
213420
077360
004830
004835
090410
024900
194480
017680
206560
008000
067990
002150
100130
005160
001620
075970
001230
086450
023450
004140
099410
007590
012030
005960
005965
045890
101910
226440
230490
016380
016385
016610
000990
000995
005830
083350
083360
083370
083380
083390
026960
002210
102260
033500
005190
025950
012760
000640
058730
170900
088130
028100
007340
041930
001520
001527
001529
005900
084670
030790
002900
082640
038500
060380
001525
079960
008970
228340
104460
088910
094170
003580
049770
013120
018500
006040
030720
014820
014825
163560
109860
032960
001530
004890
002690
023790
026710
005290
025900
000020
184560
000150
000157
011160
082740
000155
042670
034020
016740
078590
013900
030350
035430
043500
046400
073190
066670
024090
003160
092200
109740
090710
131030
196490
066900
127120
092070
101000
134580
039840
013570
210540
079810
113810
043360
106520
068930
033130
033310
105740
187220
026890
131180
042510
050120
171120
115390
171010
084650
141080
060300
038390
228850
047440
090360
900260
016170
067730
071280
109960
032350
000400
023530
004000
004990
005300
005305
011170
002270
071840
038060
082800
085370
060240
042940
058470
039980
016100
197210
012700
038340
131100
042500
027740
137930
050480
098120
159800
211210
035480
038290
204320
001080
078060
005990
127160
093520
141070
088980
094800
067280
072870
215200
133750
041920
086900
078160
065650
138040
008560
000060
021880
140410
059210
058110
096640
017180
115400
012690
005360
080420
149940
227680
080160
204210
100030
101330
051810
130480
033200
009680
006920
009580
001810
009200
033920
008420
065310
161570
080640
095500
025560
007120
006800
006805
085620
215750
239340
037620
049950
213090
207760
002840
107590
134380
003650
059090
201490
214180
155900
206640
018700
035620
064520
029480
053030
084990
064550
208710
142760
038460
086040
032980
043150
003610
001340
014580
046310
035150
036620
104200
002410
002480
177350
096300
007210
225530
002760
014100
003850
004740
015370
006910
030950
026260
000890
003000
001270
001275
026940
014470
015350
011390
005030
008470
100120
064480
033560
100220
200780
141000
090460
083650
086670
082920
054220
042370
066870
032850
093190
065450
005180
069540
072950
143240
003960
008040
007160
014710
006090
079660
123260
168570
100090
005090
122350
014970
005610
018310
002580
053700
009620
070080
011870
161990
023600
111870
001470
006400
006405
006660
018360
028260
02826K
032830
018260
028050
009150
009155
005930
005935
001360
010140
010145
016360
068290
029780
000810
000815
006110
009300
145990
145995
003230
002170
000070
000075
002810
054540
065570
005680
003720
082660
023000
073640
004380
002450
032280
002290
000520
009770
066190
037460
032750
054090
005500
000250
004690
024950
017480
001880
010960
046390
004450
009470
011230
001820
000390
027580
041650
091580
089980
042600
075180
007540
248170
003260
038070
006730
079650
100660
007860
200880
012860
019770
017390
043710
046890
004410
004415
063170
027040
018680
021050
093920
189860
122690
011370
065710
033790
008490
035890
003100
123420
007610
136490
002820
014620
037350
014910
014915
003080
004980
004987
004989
004985
011300
081580
045300
015750
015200
005980
000180
080470
043260
002420
053060
042380
017510
214310
004360
004365
004490
011560
121800
001430
003030
019440
058650
013000
096690
100700
024830
091090
021820
067830
033530
036630
039310
080440
075580
067770
053450
027970
145210
049180
108860
208370
179690
068270
068760
053110
052190
032680
032685
066910
043100
070300
154040
035610
036830
004430
086980
050960
017550
084180
002200
003060
236200
094840
192440
099440
053210
115570
087220
028040
013810
039670
049830
020710
033170
025320
131090
016590
029530
004970
001000
025870
065350
011930
104120
104110
005390
004170
035510
034300
031430
012580
031440
006880
056000
086830
002470
225590
005800
001720
001725
009270
009275
017000
002700
012790
138070
019170
019175
002870
005450
203650
055550
001770
056700
187270
004080
108320
222800
036710
042000
160980
102280
047400
003410
003419
003415
010280
003620
004770
051170
122800
208640
222420
037760
136510
099320
049960
096150
050890
099830
073710
073960
066790
004920
112610
115530
225330
115480
096530
900120
101240
047920
060590
036170
013990
123860
008700
058220
002790
002795
090430
090435
052710
074430
092040
083930
149950
090370
036010
002030
183190
002310
050860
067390
083570
083580
083590
083600
083610
083620
127710
020560
143160
054800
060570
122900
099190
105810
214430
040910
068940
052860
010780
069920
038880
101390
226350
048500
078860
114810
023430
031310
185490
007630
059100
039570
052460
119830
124500
033660
032080
013310
059120
056730
023890
101140
067160
102955
102950
043720
001540
053800
065660
001780
002250
131370
096610
061040
148250
196170
123750
085810
117670
161000
205500
052790
131400
238090
129050
030960
102120
019990
011090
025980
041440
010090
038680
121890
030270
097780
042110
065420
050320
103230
900080
101490
095910
036500
031330
060540
112240
056190
080000
160600
005850
041510
007820
109610
012750
096630
114290
069510
041910
039440
098660
052020
237690
050760
036150
058610
039110
043340
023960
037890
054630
200710
031860
078520
003800
088800
138360
015260
035290
072990
028300
067630
226340
044780
071670
045660
224110
021080
089530
182400
073570
043580
214870
230360
038870
052510
102420
104690
086520
038110
073540
036810
063440
173940
065160
054940
950130
205100
092870
067570
036570
183560
054340
217820
095300
138250
207720
198440
215790
217810
218410
225570
208860
085310
206400
068420
069410
048830
096870
061970
138690
220260
066970
229640
073110
083310
037950
170920
058630
019590
008120
097520
009780
123040
032790
180400
033160
069640
206300
074000
050540
115960
090740
014440
007530
143540
111770
009970
036180
003520
001890
000670
036560
006740
012280
012160
036000
053280
015360
122640
045060
080520
007310
039830
046120
014940
002630
038520
065500
001800
010470
053980
052420
039200
031510
048260
138080
080580
067170
049480
196450
057540
057680
123010
082210
109080
052770
010600
057030
122990
067900
155650
066430
193250
019210
122870
079000
110030
900180
070960
114630
032820
041190
115440
004720
118000
046970
215360
072470
073560
000030
153490
082850
037400
010050
101170
006980
194610
066590
068560
017370
046940
168950
052270
065680
105840
018620
215640
049800
016880
095720
103130
005820
032940
240810
074600
104830
014190
030530
012620
008370
008290
101160
095270
900130
065950
114190
076080
196700
069080
053580
039790
044340
112040
038620
036090
136540
097800
192390
008600
033270
044480
014830
036200
018000
000910
011330
077500
011320
086390
241690
063180
142210
048430
089850
032620
078070
002920
024800
000700
054930
069330
049520
043220
204620
219960
003470
003475
056090
011690
072130
000220
000225
000227
195990
023410
056080
221200
215090
084370
001200
178780
000100
000105
003460
003465
191410
008730
044960
008250
039020
025820
060230
067920
214320
073490
088390
053350
033110
041520
054210
065440
139480
036260
115610
217600
225440
078020
080010
086890
007660
005950
015020
047560
900110
067010
093230
223310
074610
102710
094190
123570
095190
091120
102460
039030
088290
084680
033600
035810
090850
058530
092130
016250
096040
134060
001840
000760
024810
014990
041830
079950
060150
033230
040850
006490
037330
023800
034590
013090
083640
049070
119610
158310
017250
129260
108790
035080
051370
043540
064290
189300
150840
048530
023810
175140
115310
039290
041020
071200
101930
078940
249420
000230
013360
013367
003120
068330
003200
007110
058450
007570
007575
008500
019540
081000
020760
020150
103590
094820
015860
001590
226320
950140
049550
043910
046840
234920
140310
033240
174880
049630
000950
065530
208140
022220
040420
045510
065620
217190
095700
187420
123330
159580
147830
033100
019570
079370
054950
090470
137950
033320
194370
026040
126880
033050
094970
058420
025620
036420
089790
030000
052670
002620
001560
023440
044590
038010
033480
080220
006220
089590
082270
041590
044060
004910
004700
001550
000480
120030
034940
101730
067000
018470
002600
185750
063160
001630
033340
036930
044380
900050
189390
072020
000440
054180
013890
155960
208350
114570
051160
037640
166220
053050
119850
065060
204840
013870
018290
071320
033030
010580
035000
115450
088790
018120
109820
086060
036890
003780
007370
010640
100250
051630
011000
002780
002787
002785
085660
900040
900090
009310
094850
004650
111820
000650
001490
096240
013720
012600
033250
047820
094360
016920
035720
006380
071850
066410
050110
078340
214370
087800
115410
221980
043290
250930
222390
232270
021960
192250
115500
029460
089150
025880
093320
040100
065940
073010
105330
068150
039420
083550
032500
145270
204650
214150
058860
031690
064820
024880
042040
054410
089010
052400
094860
046070
047770
080530
224060
900140
078650
104540
033430
090970
090980
090990
091000
040470
027050
020920
007815
007810
00781K
101670
123410
152330
003690
036690
049430
041960
009730
192820
044820
005070
005420
069110
06276K
062760
048870
071950
166480
045970
038530
029960
002020
003070
003075
144620
102940
002025
120110
120115
138490
021240
033290
056360
121850
040480
015710
052330
126600
200130
038710
031820
225650
192400
123440
060280
040350
051780
115180
065560
182360
066310
016600
005740
005745
043590
114120
083790
900250
045520
218710
226850
039490
012170
054780
219130
065130
015890
006890
023160
003240
011280
053620
004100
004105
072520
009410
009415
044490
001420
007980
191420
123100
182690
066700
095610
131970
089030
038540
054450
091440
078000
200230
214420
051360
045340
057880
108230
079970
061610
140890
052290
105550
026150
033830
064760
131290
019180
062860
004870
104480
081150
130740
134790
084730
046210
034230
033540
043200
214450
005690
177830
037070
150900
140950
152870
192720
176710
226810
037030
047310
040870
170790
049120
038950
106240
131760
140860
091700
194510
038160
032800
043090
036580
027710
054300
068050
028670
222110
010820
016800
060900
001020
087010
090080
043370
010770
119500
016670
022100
058430
025100
047050
009520
003670
010150
189690
045020
141020
039230
005670
094940
007330
017810
093380
093860
023900
001310
103140
005810
214270
035200
203690
053610
053160
060910
075130
023770
032580
051380
237750
131390
024850
031980
002230
137400
128660
006140
087600
033180
064800
230240
250060
086790
099340
099350
067310
208870
215100
218150
039130
136480
024660
049130
172580
139200
153360
159650
149980
013030
126700
200470
106080
071090
066980
235010
205470
217500
221840
106190
030010
019490
000080
000087
000140
000145
066130
222080
240540
152550
004590
036460
039340
005430
071050
071055
034950
010040
025540
222980
004090
025550
002960
123130
017890
054190
002000
002005
123890
015760
063570
041460
006200
101680
039740
053300
025770
002300
023350
025890
000970
104700
012350
017960
023760
054040
161890
024720
021650
161390
000240
053590
034830
007280
168490
037230
010100
047810
123690
003350
030520
052600
011500
002390
014790
092460
060980
053690
042700
008930
128940
047080
009240
020000
100380
003680
105630
016450
010420
081970
009180
099660
221610
007190
007197
070590
213500
014680
004710
004150
025750
042520
004960
011700
008690
078350
045100
001750
001755
064090
018880
009420
014130
006440
046110
024740
005860
003300
123840
002220
007770
051600
052690
130660
002320
097230
003480
180640
18064K
061460
117930
005110
079170
009460
054920
077280
002680
066110
000880
00088K
217620
215380
027390
088350
000370
214680
219860
000885
009830
009835
012450
003530
003535
015540
102210
220630
195870
034810
076610
101530
065180
008800
900270
089470
000720
000725
170030
005440
086280
221950
226360
040830
064350
079430
012330
010620
069960
004560
004565
012630
011760
011200
006390
227840
075120
048410
004310
204760
126560
017800
011210
115580
026180
004020
009540
003450
005380
005387
005389
005385
039010
011720
001450
057050
092300
053660
011080
093240
003010
008770
008775
060560
064240
039610
002460
013520
241590
006060
010690
126640
086250
204630
133820
061250
134780
010660
000850
012670
016580
032560
004800
094280
097870
046290
093370
050090
056880
081660
005870
115160
028080
200670
079980
065510
005010
243070
084110
145020
069260
036840
024060
010240
215620
189980
000540
000547
000545
003280
037440
095570
068400
006840
054620
211270
152100
253150
253160
189400
141240
122090
222170
251590
161510
251600
190160
213630
190150
161490
195970
236460
222190
222200
222180
244820
238670
195980
239660
161500
204420
227830
027410
138930
001460
001465
032040
001040
079160
130960
000120
011150
011155
035760
001045
097950
097955
051500
037560
058820
023460
065770
083660
000590
139130
068790
004840
155660
069730
017940
037370
079190
007700
114090
032860
078930
083450
006360
001250
007070
078935
028150
066400
078150
134610
007640
001500
036640
225430
230980
104770
003560
095340
099520
175330
067290
001060
001067
001065
096760
035900
148020
252400
252410
252420
105780
234310
241390
114100
196230
123760
252730
252720
219390
140570
140580
136340
196220
183710
174360
250730
183700
253280
253290
143500
105560
002550
024120
002380
021320
036670
009070
009440
119650
044180
092220
151860
109070
046440
035600
001390
060720
105190
225130
232590
114460
190620
152500
181480
211260
143460
245710
131890
108450
145670
238720
196030
205720
168580
219900
227930
251890
234790
226380
001940
083470
122450
052900
058400
152380
069500
237350
226980
223190
252650
252670
099140
204450
101280
229720
156080
251350
200050
219480
247780
117700
132030
138910
114260
102960
153130
214980
122630
244620
200020
200040
185680
200030
218420
244580
091160
211900
237370
244670
140700
102780
213610
247790
136280
117460
140710
144600
091170
114800
176950
091180
169950
102970
117680
229200
233740
251340
226490
138920
244660
247800
153270
148070
167860
069660
152280
253250
253240
253230
100910
104530
114470
130730
138230
139660
225800
230480
104520
200250
122260
083420
114450
025000
092230
000040
044450
030200
033780
030210
036030
168300
058850
043610
060370
093050
003550
034220
001120
068870
068875
051900
051905
003555
032640
011070
066570
066575
108670
108675
051910
051915
079550
006260
000680
010120
190410
104230
159910
086960
023150
065150
035420
160550
181710
060250
005940
005945
034310
030190
008260
004250
004255
010060
024940
005490
091340
100840
064960
003570
036530
010950
010955
950110
019550
034120
101060
046140
036120
099220
036540
040610
049470
184230
004060
001970
001380
002360
009160
090730
123700
025530
034730
207930
219550
011790
057500
178920
018670
003340
001740
001745
210980
036490
052260
03473K
096770
096775
001510
001515
066270
006120
006125
017670
043880
000660
048550
208470
220130
011810
077970
071970
084870
002710
089230
102110
139260
139220
139290
139270
227550
227560
139250
139230
139240
227540
243880
252000
252710
243890
091210
228820
138530
225040
143850
225030
182480
217790
139280
237440
160580
114820
248270
139310
139320
133690
203780
137610
182490
253990
105010
123320
174350
147970
245340
228810
098560
091230
211560
170350
138520
152180
157490
228800
227570
130680
217770
157450
195930
225050
245350
091220
225060
236350
123310
195920
241180
248260
157510
150460
157500
117690
192090
204480
217780
245360
166400
232080
233160
250780
210780
143860
138540
228790
157520
032540
048770
108590
097750
145850
024070
052300
114750
037270
040300
051390
052220